-7.6830253756547048e-03
-1.7003059054565271e-05
-5.5942430188665208e-03
-8.1744580862848200e-06
 0.0000000000000000e+00
 0.0000000000000000e+00
-4.3395651577016100e-04
-6.6740807189825649e-06
-6.6137386093258425e-03
-2.1683146009343409e-04
-1.2024156426500407e-05
-3.6366723606716856e-06
-4.6097927353137930e-01
-4.0206277821638531e-01
-4.6092693365877185e-01
-4.0025731244945295e-01
-9.9630466081448710e-01
-8.5147721831118028e-01
-9.9612643999576755e-01
-8.4713422698883756e-01
-3.7466711199766137e-03
-5.4398576913917088e-06
 0.0000000000000000e+00
 0.0000000000000000e+00
-4.7591722697048024e-04
-2.0026907744848928e-05
-4.6557490050136967e-03
-2.3880865729002904e-04
-6.4489889980855907e-06
-1.0191491752758249e-05
-4.0210164086153510e-01
-3.5726852235911216e-01
-4.0031817420375349e-01
-3.5421676510926553e-01
-8.5193333043754882e-01
-7.4715212211963156e-01
-8.4766518769025967e-01
-7.4014916869876468e-01
-7.7936042926099293e-03
-4.5168410348014837e-05
-5.5957401909069067e-03
-1.9622477658639207e-05
-9.2473256085494544e-04
-2.7794749703815141e-06
-6.6641457270383295e-03
-6.7903182610413006e-04
-3.0697691994942577e-05
-5.6138166674543357e-06
-4.6092631542644019e-01
-4.0024109183458650e-01
-4.6076789380797017e-01
-3.9497886291652878e-01
-9.9612515488906428e-01
-8.4709116583974176e-01
-9.9558457717163329e-01
-8.3447074556063261e-01
-3.6964313065826863e-03
-1.2073879228124796e-05
-9.7736048478544273e-04
-3.2191669114201929e-05
-4.6273008148431296e-03
-7.2920413767533284e-04
-1.4822797393138667e-05
-2.6591218701622137e-05
-4.0030277104642248e-01
-3.5418302101893911e-01
-3.9510748813417151e-01
-3.4535170016033351e-01
-8.4762388598386729e-01
-7.4006139152837602e-01
-8.3523168573023798e-01
-7.1989284083653760e-01
-1.9842772344238970e-03
-7.1851981494650408e-06
 0.0000000000000000e+00
 0.0000000000000000e+00
-6.0177506823365227e-04
-5.9198749804388105e-05
-2.8678321191236119e-03
-3.0250879997277839e-04
-6.7749008506629342e-06
-2.9012046940266452e-05
-3.5718685295697949e-01
-3.2728037016834294e-01
-3.5415652688909105e-01
-3.2317163396057658e-01
-7.4716725278327500e-01
-6.7941628663732068e-01
-7.4022129669436931e-01
-6.7021983900524595e-01
 3.3752381118942380e-20
 2.3233927290146683e-19
 0.0000000000000000e+00
 0.0000000000000000e+00
-9.6630086018344792e-04
-1.8427097961641400e-04
-1.0363675608498631e-03
-4.8180580041073322e-04
-1.3141977536869968e-05
-8.2484546914439347e-05
-3.2693016471043534e-01
-3.1532742549456333e-01
-3.2284832477312453e-01
-3.0989235661422426e-01
-6.7874197804586123e-01
-6.5286688125311931e-01
-6.6961102352823321e-01
-6.4081566998407691e-01
-1.9279858146085164e-03
-1.7541921252462747e-05
-1.2020157476994977e-03
-1.1025324170145017e-04
-2.8108781379642426e-03
-9.0665115739066069e-04
-1.6281880359892173e-05
-8.2878514207690155e-05
-3.5412929507132435e-01
-3.2311105506869786e-01
-3.4536296649577464e-01
-3.1128241174361782e-01
-7.4014849362266411e-01
-6.7006813829843359e-01
-7.2015044142149287e-01
-6.4374424341949155e-01
-3.3195133862992613e-18
-2.9972094996105586e-18
-1.8837778377376420e-03
-3.4507238510045801e-04
-1.0002020547521127e-03
-1.4219852981553942e-03
-3.6316254769978547e-05
-2.3681571687828970e-04
-3.2285767463255599e-01
-3.0970550143088810e-01
-3.1111530257359105e-01
-2.9404577519938552e-01
-6.6961547719902370e-01
-6.4037531976078210e-01
-6.4349421928891604e-01
-6.0590283942059442e-01
-7.9788571342733934e-03
-5.9538236268276318e-05
-5.5716629693518703e-03
-1.9950914170710760e-05
-1.5240049809988486e-03
 2.2210827541534921e-05
-6.7333381062760333e-03
-1.2242505289000987e-03
-3.6910984830843853e-05
 8.2780275318211961e-06
-4.6076726117397465e-01
-3.9495126231700933e-01
-4.6050005510547959e-01
-3.8666459444018092e-01
-9.9558331040306236e-01
-8.3439806355156587e-01
-9.9466887641545187e-01
-8.1463591600685492e-01
-3.5779005398611182e-03
-9.3775162389040588e-06
-1.5254415128843533e-03
-2.8903897654425151e-05
-4.5479034555779884e-03
-1.2557179402041551e-03
-1.3090967366105907e-05
-3.1210660686842388e-05
-3.9508148197868354e-01
-3.4529379799310966e-01
-3.8690863383059715e-01
-3.3157869369998294e-01
-8.3516250541005554e-01
-7.1974535235598303e-01
-8.1578963679289007e-01
-6.8869895062537567e-01
-8.1879191372118375e-03
-5.9451386904258296e-05
-5.4881061337506845e-03
-1.0274626266216410e-05
-2.2733997113073071e-03
 7.8640862925144026e-05
-6.7787514821587179e-03
-1.8994341370619288e-03
-3.0875995743024369e-05
 4.8462597165991249e-05
-4.6050025417196239e-01
-3.8663255212494907e-01
-4.6012404180988620e-01
-3.7595355275084319e-01
-9.9466947193285937e-01
-8.1455277428495843e-01
-9.9337923911998816e-01
-7.8928139453451840e-01
-3.3736616698554814e-03
 1.3800746167549173e-07
-2.1329185418554612e-03
-1.5274338368489798e-06
-4.3916002945082562e-03
-1.8354902117180059e-03
-2.5020374818777576e-06
-1.6513909249143096e-05
-3.8687980796189736e-01
-3.3151067902162124e-01
-3.7636044020690085e-01
-3.1418376881902799e-01
-8.1571382792529790e-01
-6.8853149840919314e-01
-7.9099225604018075e-01
-6.4976211740878942e-01
-1.8050020093379273e-03
-1.9078980529594797e-05
-1.7959657929953873e-03
-1.4488325946034666e-04
-2.6827445999628823e-03
-1.5065622331595055e-03
-1.6861688122474319e-05
-1.2432136254569330e-04
-3.4531824938380512e-01
-3.1117635059774718e-01
-3.3171255294507695e-01
-2.9299696053037200e-01
-7.2003298552647232e-01
-6.4348609482549490e-01
-6.8926688834334282e-01
-6.0344619566252922e-01
-9.2169039872026056e-18
 1.9028847226342634e-19
-2.6971231215556415e-03
-4.5376561523461110e-04
-9.2121552182248742e-04
-2.2877752376253817e-03
-5.2003688703765698e-05
-3.5642590082063261e-04
-3.1114305416927757e-01
-2.9370718411172470e-01
-2.9311483966266227e-01
-2.6963580861343367e-01
-6.4353191197180371e-01
-6.0512436169248518e-01
-6.0382900524404770e-01
-5.5280908993085320e-01
-1.6103248138924576e-03
-1.5105854036179926e-05
-2.3737881330916847e-03
-1.5000231922951350e-04
-2.4709498688630636e-03
-2.0950307500452927e-03
-9.8608546701780616e-06
-1.4423985707225897e-04
-3.3166739051975996e-01
-2.9286724343550935e-01
-3.1448141199641361e-01
-2.7026441458463912e-01
-6.8915071133120231e-01
-6.0314372220053358e-01
-6.5073527300375078e-01
-5.5401190381748411e-01
-1.0789415975448994e-17
-2.2684450655992302e-18
-3.3518534197473525e-03
-4.7504601374044603e-04
-7.9512357845919039e-04
-3.0232321139369652e-03
-5.9444422296631070e-05
-4.1177702422372513e-04
-2.9317615574582534e-01
-2.6920320646506962e-01
-2.7074309406094454e-01
-2.3934219269121831e-01
-6.0394276123280266e-01
-5.5184801575428399e-01
-5.5516753421634868e-01
-4.8796532502938328e-01
-5.7342526363278755e-21
-2.0711216210951872e-20
-5.6608808966111462e-05
-3.1960500536733969e-06
 0.0000000000000000e+00
 0.0000000000000000e+00
 1.2939707757667927e-04
-2.2102307418273529e-05
-3.4895349900500051e-05
 6.3419310201406266e-05
-3.1916829750843268e-06
-9.4376328177863617e-06
-2.2691311354010479e-02
-2.2099415175324714e-02
-2.3644915424184346e-02
-2.2757678013241852e-02
-4.5388331284842862e-02
-4.4203976146082159e-02
-4.7296516475199835e-02
-4.5521130161950668e-02
-6.0535546852745103e-05
-2.5985126673274647e-06
 0.0000000000000000e+00
 0.0000000000000000e+00
 7.8165069013965368e-05
-1.0488241537587815e-05
-6.1664481762250601e-05
 3.8963064893195363e-05
-3.0788054735800057e-06
-5.0463044586438807e-06
-2.2036620816597498e-02
-2.0996919523559442e-02
-2.2689960094296822e-02
-2.1442127013801760e-02
-4.4078323914219675e-02
-4.1998008500916340e-02
-4.5385621898288694e-02
-4.2888799126446241e-02
 5.7607675155487207e-20
 4.3634398939939410e-20
-6.8790859996828169e-05
-9.5611748420848092e-06
 2.7797378917657727e-04
-5.0408117949065678e-05
-4.2667178947747398e-05
 1.9980601060969570e-04
-9.7827896287488710e-06
-3.1183009029431685e-05
-2.3651356718873917e-02
-2.2746217066326527e-02
-2.6594783737873551e-02
-2.4715604147664643e-02
-4.7309342796522637e-02
-4.5498170964231019e-02
-5.3199759109819979e-02
-4.9439050224002398e-02
-7.3205139436897089e-05
-7.7006782871980832e-06
 1.6270322245082221e-04
-2.3295353865416383e-05
-7.4684541907300600e-05
 1.2007404528005462e-04
-9.1992362944508482e-06
-1.6268385202166931e-05
-2.2690311350534117e-02
-2.1445828460464309e-02
-2.4647924086945081e-02
-2.2739708892493257e-02
-4.5386298725411216e-02
-4.2896195089020185e-02
-4.9303610760842061e-02
-4.5485139688422958e-02
-3.7303812453002151e-05
-1.4501409034208849e-06
 0.0000000000000000e+00
 0.0000000000000000e+00
 5.1921919888633846e-05
-5.2344318985498587e-06
-5.0537413256376697e-05
 2.6045867364036553e-05
-2.0608758728326082e-06
-2.5710783847501893e-06
-2.0967794363296512e-02
-2.0149933168597957e-02
-2.1412737844849344e-02
-2.0480022309744626e-02
-4.1939736941803363e-02
-4.0303362068561610e-02
-4.2830000369304316e-02
-4.0963794438805393e-02
 0.0000000000000000e+00
 0.0000000000000000e+00
 0.0000000000000000e+00
 0.0000000000000000e+00
 3.9987304079010427e-05
-1.7623330263323302e-06
-1.9420824940340709e-05
 2.0183889517181013e-05
-7.5714742859193459e-07
-8.4849627110488749e-07
-2.0138602689412012e-02
-1.9835160550708993e-02
-2.0467982164092402e-02
-2.0146321168300962e-02
-4.0280696394336422e-02
-3.9673584060713397e-02
-4.0939709958276532e-02
-4.0296137570387476e-02
-4.5427653844776137e-05
-4.2758949240393182e-06
 1.0454289272251725e-04
-1.1664909861168012e-05
-6.1249142225876322e-05
 7.8476904452290188e-05
-6.0949950337598218e-06
-8.3105549903921696e-06
-2.1417461525865343e-02
-2.0487488397197464e-02
-2.2711507814850550e-02
-2.1417019408246595e-02
-4.2839441207478728e-02
-4.0978727455039617e-02
-4.5428725165696023e-02
-4.2838551943810907e-02
 0.0000000000000000e+00
 0.0000000000000000e+00
 7.7088779861033083e-05
-4.4718130065821285e-06
-2.3787932822538395e-05
 5.9091350758428264e-05
-2.2328299025607077e-06
-3.0192004469432652e-06
-2.0475529782049032e-02
-2.0155447486420241e-02
-2.1403244660214680e-02
-2.1018378691739750e-02
-4.0954805913293667e-02
-4.0314392738264378e-02
-4.2811001492237870e-02
-4.2040940877230794e-02
 9.9655574180862608e-19
 5.9905019895511960e-19
-9.2520139685913608e-05
-1.5641909493071636e-05
 4.6488290378974293e-04
-9.1187823863767063e-05
-5.7865476325034451e-05
 3.6488534685115382e-04
-1.6800147710068394e-05
-6.1666142754076439e-05
-2.6608887595802641e-02
-2.4690809784726594e-02
-3.1789701806962209e-02
-2.7959223913302880e-02
-5.3227810808823897e-02
-4.9389375977762294e-02
-6.3597944712820445e-02
-5.5930479471587642e-02
-9.7804886411715676e-05
-1.2388665757640190e-05
 2.6007173926387653e-04
-4.0634832122216026e-05
-9.9980845264104940e-05
 2.1076470532173985e-04
-1.5030240410276622e-05
-3.0837670226266464e-05
-2.4648190009189264e-02
-2.2744932149251322e-02
-2.7908470775064937e-02
-2.4778753476376859e-02
-4.9304084438294510e-02
-4.5495573590792267e-02
-5.5828946896246283e-02
-4.9565360899243280e-02
-4.3105576222050158e-19
-2.2142279975107008e-18
-1.2589468685352367e-04
-2.1269402832829684e-05
 7.0836593352594781e-04
-1.4748593007891668e-04
-7.8522204111748816e-05
 5.7732058667286283e-04
-2.3881735575206042e-05
-1.0579979906266235e-04
-3.1817698915112998e-02
-2.7916299530724217e-02
-3.9625725633344565e-02
-3.2479123595161488e-02
-6.3653578809503508e-02
-5.5844471251853330e-02
-7.9288804488667222e-02
-6.4977808768171608e-02
-1.3226395831782511e-04
-1.6336212202850663e-05
 3.7680250346526907e-04
-6.3166897041586423e-05
-1.3507313894513189e-04
 3.1754953762341056e-04
-2.0011174424049957e-05
-5.0493558112610712e-05
-2.7909637023465193e-02
-2.4781802328606349e-02
-3.2476956928573580e-02
-2.7420342322582707e-02
-5.5831176963150285e-02
-4.9571441064720098e-02
-6.4973780550042937e-02
-5.4851831318707661e-02
-6.1281075883490841e-05
-6.8143261526003584e-06
 1.5885046330616815e-04
-2.0451102649692370e-05
-8.2080108206916721e-05
 1.3205505497506341e-04
-9.7693246185317918e-06
-1.5824057879913837e-05
-2.2718988390890087e-02
-2.1429039922280492e-02
-2.4756367782475239e-02
-2.2799316543307746e-02
-4.5443674272526373e-02
-4.2862596362973460e-02
-4.9520614535712992e-02
-4.5604402400661812e-02
 0.0000000000000000e+00
 0.0000000000000000e+00
 1.0864995900605519e-04
-9.1446252267643933e-06
-3.2342959410646187e-05
 9.3719662180356651e-05
-3.5580209889298630e-06
-6.6479570206015205e-06
-2.1415448771198446e-02
-2.1033405021648129e-02
-2.2783822790348636e-02
-2.2261869006257533e-02
-4.2835412705079658e-02
-4.2071000451710854e-02
-4.5573426834605531e-02
-4.4529013931858340e-02
-8.3676548109247676e-05
-8.8059101867540314e-06
 2.1651967752430405e-04
-3.2428747406632388e-05
-1.1127925550301163e-04
 1.8809695630841989e-04
-1.2693354024562601e-05
-2.6200259638246009e-05
-2.4764245966378964e-02
-2.2811729383404131e-02
-2.7411707051136189e-02
-2.4421915489803069e-02
-4.9536354874471542e-02
-4.5629235461034111e-02
-5.4834711158933423e-02
-4.8851276673224017e-02
 0.0000000000000000e+00
 0.0000000000000000e+00
 1.3279198552958190e-04
-1.6869967427936165e-05
-4.4506581010885322e-05
 1.2174962820055840e-04
-4.5871708742020350e-06
-1.2799573641828445e-05
-2.2796678474935887e-02
-2.2278226437782107e-02
-2.4406696356116350e-02
-2.3631461736704894e-02
-4.5599144761936460e-02
-4.4561741393308422e-02
-4.8820890229032812e-02
-4.7269563377610437e-02
-8.3805486835387896e-03
-5.0134745792208078e-05
-6.7927721275086780e-03
-9.9741551839703253e-05
-1.7505842804440128e-03
 5.5584167991551295e-05
-7.5679756657357133e-03
-2.0166198136499390e-03
-7.4644024478740919e-05
 6.6139755205946524e-05
-4.6012763414128044e-01
-3.7583091010753028e-01
-4.6038648234684565e-01
-3.7688674220638591e-01
-9.9338107836679479e-01
-7.8900978390038501e-01
-9.9406359337450689e-01
-7.9149107557391285e-01
-5.4450569177209420e-03
-1.5529231045875960e-04
-1.6412934403087179e-03
 6.0872064669521653e-06
-6.0966472870642571e-03
-1.8948352840978927e-03
-1.2649145739124874e-04
 1.1371412370114763e-06
-3.7624473435592992e-01
-3.1385799506774986e-01
-3.7730975722347337e-01
-3.1243554407425389e-01
-7.9073806836466543e-01
-6.4907587281761936e-01
-7.9317064183645769e-01
-6.4587852590669592e-01
-8.5302218134803362e-03
-3.6453450588740722e-05
-7.0996363896418894e-03
-7.7998147910252440e-05
-1.1855810529386454e-03
 3.7733499381800397e-05
-7.7973409589378317e-03
-1.4705949624479733e-03
-5.7864616791510987e-05
 4.6478658085528601e-05
-4.6038730556326701e-01
-3.7688805078908894e-01
-4.6060948563859860e-01
-3.7922976802773400e-01
-9.9406580012503032e-01
-7.9149344927848664e-01
-9.9470031222874589e-01
-7.9701631092464564e-01
-5.8959981315643093e-03
-1.0936978073197199e-04
-1.0993770616739087e-03
 1.2226589036850996e-05
-6.4769270912674965e-03
-1.3720387446406618e-03
-9.4841391208993228e-05
 9.8946343522831099e-06
-3.7730723910174063e-01
-3.1246161358870284e-01
-3.7960521658730451e-01
-3.1441134119531283e-01
-7.9316446397996898e-01
-6.4593644661484728e-01
-7.9851523783815037e-01
-6.5024875097699519e-01
-4.4711288732273494e-03
-1.9459393471101208e-04
-1.7208060792323876e-03
-5.4356134883579464e-05
-4.9149709389521342e-03
-2.0496154780202296e-03
-1.7905737267726000e-04
-9.7518721544623580e-05
-3.1417006707994921e-01
-2.6942980230236552e-01
-3.1278210376405852e-01
-2.6179765959618789e-01
-6.5007886219225941e-01
-5.5225725321711427e-01
-6.4693357793948736e-01
-5.3577508164118126e-01
-4.3524999559275543e-03
-5.6001907043378792e-06
-2.0098093959716764e-03
-1.1325600193730943e-04
-4.2948102028230939e-03
-2.6142013882292734e-03
-1.5245956173225367e-04
-2.4061939847937064e-04
-2.6997781187110742e-01
-2.3716711069583085e-01
-2.6218833872000125e-01
-2.1994101852701065e-01
-5.5355721781000056e-01
-4.8340504163845577e-01
-5.3673060155844454e-01
-4.4699928672390637e-01
-4.9851042311449883e-03
-1.1359594957535880e-04
-1.0972231337883691e-03
-1.0499013609537460e-05
-5.4116610041684025e-03
-1.4037228578203792e-03
-1.1528270333277536e-04
-2.8706068009650780e-05
-3.1280049067344390e-01
-2.6197737940695265e-01
-3.1470040844086383e-01
-2.6166155074398278e-01
-6.4697550549338345e-01
-5.3616820031401846e-01
-6.5116115834922017e-01
-5.3546433167170537e-01
-4.4883281869726949e-03
-3.4478314600495412e-05
-1.1549210063309409e-03
-2.0371366412570924e-05
-4.6954432228921428e-03
-1.5529426526880131e-03
-8.5871132448938364e-05
-5.4900616843583427e-05
-2.6236560063045977e-01
-2.2059717641872464e-01
-2.6190842190690744e-01
-2.1745379780492899e-01
-5.3712027686941943e-01
-4.4840511614158529e-01
-5.3611801446916363e-01
-4.4178345395222057e-01
-8.6300067518485651e-03
-2.1631713106821799e-05
-7.3347903614459668e-03
-5.8327966074313780e-05
-5.9798384127244099e-04
 1.9435554658378722e-05
-7.9679677923685018e-03
-8.9305044293397969e-04
-4.0954193189110117e-05
 2.8635224941690494e-05
-4.6061017513954927e-01
-3.7924290594688487e-01
-4.6080258161327287e-01
-3.8279980949039577e-01
-9.9470267179408089e-01
-7.9704621718722946e-01
-9.9530125969223104e-01
-8.0545990424023084e-01
-6.2233300210180796e-03
-8.1564600267415493e-05
-5.4912584905073589e-04
 9.1813152749503089e-06
-6.7626569253015642e-03
-8.2429988243182956e-04
-7.1256162430320588e-05
 1.1385445958451491e-05
-3.7961627483423260e-01
-3.1445364246926244e-01
-3.8311587015582110e-01
-3.1931379194294796e-01
-7.9854040072513477e-01
-6.5034050754256700e-01
-8.0674702533521692e-01
-6.6115921202721428e-01
-8.6791784851922467e-03
-7.0641377716214958e-06
-7.5056944390747048e-03
-4.0667496444594603e-05
 0.0000000000000000e+00
 0.0000000000000000e+00
-8.0816479233308154e-03
-2.9945063719314638e-04
-2.4946732888461942e-05
 9.8146477484039204e-06
-4.6080276584105034e-01
-3.8281439201846651e-01
-4.6097168383729747e-01
-3.8740829794222348e-01
-9.9530243888036474e-01
-8.0549311365025933e-01
-9.9587091878659084e-01
-8.1639817589399721e-01
-6.4703124254808786e-03
-6.1696968461454573e-05
 0.0000000000000000e+00
 0.0000000000000000e+00
-6.9757905250044409e-03
-2.7439340817879805e-04
-5.2302363587182478e-05
 4.9506069047855063e-06
-3.8312962667433914e-01
-3.1934857248888593e-01
-3.8766936795091261e-01
-3.2658095400708625e-01
-8.0677815953883825e-01
-6.6123310007340064e-01
-8.1748066775649408e-01
-6.7741555486393401e-01
-5.3223873647838182e-03
-8.4510047144496642e-05
-5.3148191963329192e-04
 1.4805133118514548e-06
-5.7540567692119550e-03
-8.1031337751219263e-04
-8.5203075570787750e-05
-2.7500815602619371e-06
-3.1474055348163010e-01
-2.6178271610136089e-01
-3.1954805747427095e-01
-2.6666522725973185e-01
-6.5124853300095098e-01
-5.3572278270256757e-01
-6.6193206433578378e-01
-5.4621431886707528e-01
-4.6542561733624128e-03
-5.5132565532842730e-05
-5.3173942350765921e-04
-6.2135679328060006e-07
-4.9686169471950606e-03
-8.3114828077652061e-04
-7.3061537174018128e-05
-7.5553341755340038e-06
-2.6203266137539172e-01
-2.1771100294677156e-01
-2.6684398365966155e-01
-2.2221953972805769e-01
-5.3638334505309471e-01
-4.4232335536799444e-01
-5.4672237858058947e-01
-4.5179225572056392e-01
-5.5875359379672380e-03
-6.8987873636520991e-05
 0.0000000000000000e+00
 0.0000000000000000e+00
-6.0157572743410439e-03
-2.6393113695104015e-04
-6.6548003677391156e-05
 1.3539952047308379e-06
-3.1958277921079614e-01
-2.6673175695509221e-01
-3.2677490841119711e-01
-2.7548306301054615e-01
-6.6200581488659083e-01
-5.4635223700685043e-01
-6.7807568834600529e-01
-5.6524970220859627e-01
-4.8619493299642061e-03
-6.2209938623308445e-05
 0.0000000000000000e+00
 0.0000000000000000e+00
-5.2119314729716692e-03
-2.6184269839000856e-04
-6.6704393879691291e-05
 3.1301900263020438e-07
-2.6691233840860767e-01
-2.2231573968540383e-01
-2.7562942377596306e-01
-2.3197897739836856e-01
-5.4686410706473154e-01
-4.5198860804433016e-01
-5.6568255393076616e-01
-4.7236537339039197e-01
-3.9332462295097476e-03
 1.6848553667559048e-04
-6.9933528475785884e-18
 1.0698270439008842e-17
 3.4250137191272554e-04
 9.7587461404842355e-06
-4.1222145842894735e-03
 2.1976963847973024e-04
 2.1642151576231388e-05
 6.4450904451493241e-05
-2.3755285553374647e-01
-2.0472260607154077e-01
-2.2034955330611586e-01
-1.9118148030591209e-01
-4.8423307581617520e-01
-4.1520715128753016e-01
-4.4794835327305921e-01
-3.8704398720993521e-01
-3.4430057322749523e-03
 2.3030948862737065e-04
 5.6867135743568544e-18
-3.8611497308507723e-18
 1.2967453480507276e-04
 3.2794273410386580e-05
-3.6643863045783698e-03
 8.1501584158920188e-05
 1.3982081701293674e-04
 7.5752038100511979e-05
-2.0426901786179538e-01
-1.7112844043231004e-01
-1.9130110016861659e-01
-1.6229307229276727e-01
-4.1427038661944821e-01
-3.4557482938566092e-01
-3.8730074818071014e-01
-3.2741928708873069e-01
-3.6798552078547309e-03
 3.7982965508101939e-05
 3.3718866907027248e-04
-1.1830040547261746e-05
-4.0723813647892976e-03
 3.5584899946896644e-04
-2.4606322820861553e-06
 3.4563016725246018e-06
-2.2096004050784224e-01
-1.9175309446155489e-01
-2.1782280880568750e-01
-1.8790157570892502e-01
-4.4925491949384605e-01
-3.8824182410841085e-01
-4.4266135384989236e-01
-3.8024923721660103e-01
-3.0321657793699330e-03
 7.0223941307766415e-05
 1.2811891809722691e-04
 1.0192362239163138e-05
-3.3484288517892655e-03
 1.3516656909129957e-04
 4.9800634501382395e-05
 2.5919490017829323e-05
-1.9166584869794770e-01
-1.6263156540452117e-01
-1.8790961353478564e-01
-1.5934191752461893e-01
-3.8806828497893031e-01
-3.2811798997285496e-01
-3.8027815826473288e-01
-3.2136648645156496e-01
-2.9425489682387705e-03
 2.2345845338428940e-04
-8.3412113557666779e-18
 3.4934694962387530e-18
-4.1958523895138025e-06
 4.8349966191874569e-05
-3.1679985221218514e-03
-5.3238004525859767e-06
 1.7057806913220030e-04
 8.0313147790501220e-05
-1.7071242540299067e-01
-1.3934355797741960e-01
-1.6241954162441127e-01
-1.3488266627753401e-01
-3.4473418983054044e-01
-2.8045361479807279e-01
-3.2769009427848766e-01
-2.7137445435278351e-01
-2.4719078694256493e-03
 1.8344191210320704e-04
 8.7398023901577436e-19
 1.1304940954565147e-18
-7.5413927065353159e-05
 5.4077839263245662e-05
-2.6837907980793510e-03
-5.0826226967495285e-05
 1.5321534686576417e-04
 7.7165258394539337e-05
-1.3899173437839946e-01
-1.1090025828278050e-01
-1.3500801776057972e-01
-1.1005389942288089e-01
-2.7975231455846417e-01
-2.2267863734989296e-01
-2.7164070296263781e-01
-2.2097231535740536e-01
-2.5170384071341364e-03
 7.7514198227361870e-05
-2.5764720680897225e-06
 2.6217923293485347e-05
-2.7703751000156744e-03
-3.3925250017871359e-06
 6.9691372849149796e-05
 4.1516119982751402e-05
-1.6255570718125728e-01
-1.3502802245531215e-01
-1.5934511125182466e-01
-1.3282211889346260e-01
-3.2797299334980323e-01
-2.7167106304371047e-01
-3.2138480970143529e-01
-2.6718212774511968e-01
-2.1060870298860524e-03
 7.1440995367109950e-05
-7.1485495874264607e-05
 3.4079210514625700e-05
-2.3096586995943482e-03
-7.6924335107050694e-05
 7.0550445861258728e-05
 4.8038448052201382e-05
-1.3497019809675911e-01
-1.1006057231984097e-01
-1.3282366792564926e-01
-1.0901245030998342e-01
-2.7156420940120063e-01
-2.2098582774681369e-01
-2.6719552987422068e-01
-2.1886660268041030e-01
-3.6398893020144637e-03
-4.9536703824104603e-06
 1.9848731806718442e-04
-1.4203268095608137e-05
-4.1282426780577782e-03
 2.7523420509731035e-04
-2.8503534614620004e-05
-1.3939439782124356e-05
-2.1806854361630779e-01
-1.8807664162900586e-01
-2.2248244425792593e-01
-1.8943828780492944e-01
-4.4317630633681587e-01
-3.8061284157050845e-01
-4.5243802038145653e-01
-3.8342185837380338e-01
-2.8937023352230379e-03
 1.9679848352840379e-05
 7.2435787438611041e-05
 1.4269518287733991e-07
-3.2547633386099633e-03
 1.0307619103157967e-04
 8.2212514417299449e-06
 4.6551738373471630e-06
-1.8806129577428593e-01
-1.5943505431034730e-01
-1.8946854910144201e-01
-1.5936339905423877e-01
-3.8059321747842201e-01
-3.2155800107284743e-01
-3.8350583615139561e-01
-3.2140561460694766e-01
-3.6910337047298277e-03
-2.1898479212518133e-05
 0.0000000000000000e+00
 0.0000000000000000e+00
-4.2502663602802327e-03
 1.0185278994436783e-04
-4.0101101694783699e-05
-8.1708706603494501e-06
-2.2257398304790021e-01
-1.8949021761687396e-01
-2.3208893488277041e-01
-1.9454142514637976e-01
-4.5262469662839516e-01
-3.8352798362477269e-01
-4.7266215298918229e-01
-3.9399020158128129e-01
-2.8693926397182334e-03
-3.3545914376780098e-06
 0.0000000000000000e+00
 0.0000000000000000e+00
-3.2638124040408043e-03
 3.6100773000147646e-05
-1.1628207455504211e-05
-4.0493681776851984e-07
-1.8951813545140314e-01
-1.5938686274057798e-01
-1.9461161831323040e-01
-1.6177523443966493e-01
-3.8360703709954802e-01
-3.2145342456490655e-01
-3.9417133825615236e-01
-3.2634492416437882e-01
-2.3463569289008264e-03
 2.9485569786260871e-05
-3.7883873170033293e-06
 1.0481425417989073e-05
-2.6135017482968145e-03
-3.1231805040317066e-06
 2.5004359952131998e-05
 1.8131262620995405e-05
-1.5941720233396595e-01
-1.3285266204185830e-01
-1.5937679757576648e-01
-1.3222976552052274e-01
-3.2153317993125569e-01
-2.6724438130637873e-01
-3.2144868156711853e-01
-2.6597489790328782e-01
-1.9387630598467461e-03
 3.1671494501786933e-05
-4.2211345598338771e-05
 1.5882289148158882e-05
-2.1398401049066607e-03
-5.8166704835977193e-05
 3.0713992399317904e-05
 2.4980970032592677e-05
-1.3283581021971277e-01
-1.0899818527124115e-01
-1.3223095030175908e-01
-1.0823822974965368e-01
-2.6722037633698692e-01
-2.1883768700123987e-01
-2.6598885374031633e-01
-2.1729948972231197e-01
-2.2899591863031524e-03
 4.8564972461482083e-06
 0.0000000000000000e+00
 0.0000000000000000e+00
-2.5707128595664056e-03
-2.9377036983822384e-06
 1.1859864862347737e-06
 5.1314729907010599e-06
-1.5939822620385494e-01
-1.3223526453075504e-01
-1.6181052149470415e-01
-1.3299248048233642e-01
-3.2149231076789730e-01
-2.6598606562809984e-01
-3.2643911561698752e-01
-2.6752262601252075e-01
-1.8702743654874256e-03
 9.1980913558114933e-06
 0.0000000000000000e+00
 0.0000000000000000e+00
-2.0761042476294014e-03
-2.2080467188046467e-05
 7.1799005302339298e-06
 8.0132662517841980e-06
-1.3223471496467107e-01
-1.0823261672931425e-01
-1.3300286354102853e-01
-1.0794198105120452e-01
-2.6599649667116992e-01
-2.1728813931701504e-01
-2.6755795352896150e-01
-2.1669791787851272e-01
-2.0495965066830496e-03
 1.3087127545169323e-04
 9.8488465515346821e-19
 8.1661405161946217e-19
-1.0625899377144212e-04
 5.1469733998739878e-05
-2.2404611008111507e-03
-7.0269896245326368e-05
 1.1442326301773388e-04
 6.8403959027666934e-05
-1.1062462477197046e-01
-8.6691587124910013e-02
-1.1017745427336721e-01
-8.8592446890146601e-02
-2.2213305014667689e-01
-1.7379640611931402e-01
-2.2123135503768745e-01
-1.7763072432385243e-01
-1.6792429569244857e-03
 7.5800935828472494e-05
 1.8783812375942689e-18
 3.8163896787538663e-19
-1.1503042389742292e-04
 4.4163920359975735e-05
-1.8480455669967345e-03
-7.5779635406103324e-05
 6.8358910072986858e-05
 5.7022248774588546e-05
-8.6494402974739176e-02
-6.7028254304851168e-02
-8.8713400740610848e-02
-7.0861040842414860e-02
-1.7340717588852067e-01
-1.3424420458158914e-01
-1.7788072494754603e-01
-1.4194736802043870e-01
-1.7748438953930341e-03
 5.9489760979728524e-05
-1.0028818795542747e-04
 3.4762419802602054e-05
-1.9399337622326279e-03
-1.0834297656841107e-04
 6.1848666170382985e-05
 4.6764465234951693e-05
-1.1002638218051865e-01
-8.8508777036659103e-02
-1.0902069014344876e-01
-8.8452900933154610e-02
-2.2092557621577821e-01
-1.7746226575839599e-01
-2.1889128730390217e-01
-1.7735096584577306e-01
-1.5039362262173393e-03
 4.5852989068306586e-05
-1.0688119299311546e-04
 3.1044336713031700e-05
-1.6395741095661621e-03
-1.1656065999652990e-04
 4.9405977875655422e-05
 4.0906736206719215e-05
-8.8500242398676834e-02
-7.0728252178585235e-02
-8.8474650443894798e-02
-7.1414946969997894e-02
-1.7745128743689076e-01
-1.4168088265797549e-01
-1.7740034943217925e-01
-1.4306179451261952e-01
-1.3575276233295081e-03
 2.3245306847471404e-05
-1.2259083404828229e-18
-1.9074647658959004e-18
-1.1272956804350814e-04
 3.5530796964526267e-05
-1.5058307300352990e-03
-7.4277744289575183e-05
 2.1817304139179832e-05
 4.5450772760312581e-05
-6.6901738822618989e-02
-5.1744397801638337e-02
-7.0974909546810072e-02
-5.6799209982612564e-02
-1.3399460752912168e-01
-1.0357316823778021e-01
-1.4217998554648401e-01
-1.1371268267489405e-01
-1.0788110661347199e-03
-2.2091326173101863e-05
-2.3221907370279468e-18
-5.0829777232239498e-19
-1.0525020847553157e-04
 2.7203334517678566e-05
-1.2089946116936531e-03
-6.8777341473550956e-05
-2.1073475064246313e-05
 3.5242996013664956e-05
-5.1674457764621012e-02
-4.0345962988983144e-02
-5.6897952885145174e-02
-4.6037111923174466e-02
-1.0343520752810106e-01
-8.0730556366449407e-02
-1.1391282074701449e-01
-9.2133829145640458e-02
-1.2787000539655046e-03
 3.2637228537610094e-05
-1.0223494005404142e-04
 2.5667348167013601e-05
-1.3918505331884767e-03
-1.1309603266349218e-04
 3.6367888471367338e-05
 3.3519671336156732e-05
-7.0741563881113662e-02
-5.6654707216745120e-02
-7.1450267147856031e-02
-5.7840971114662812e-02
-1.4171139700754440e-01
-1.1342326222414305e-01
-1.4313619579575088e-01
-1.1580373277108917e-01
-1.0888220535710045e-03
 2.1542857064451996e-05
-9.1802988308774513e-05
 2.0327136626350004e-05
-1.1843783023247436e-03
-1.0370751011207324e-04
 2.4456262251815273e-05
 2.6446682099535526e-05
-5.6682372143505723e-02
-4.5907812198982628e-02
-5.7883899670836944e-02
-4.7399577215369582e-02
-1.1348079185849086e-01
-9.1875170120063632e-02
-1.1589175292031118e-01
-9.4865178964657473e-02
-1.6264309021025002e-03
 3.0745000153144876e-05
-5.6638972398683095e-05
 1.7000660396335293e-05
-1.7821254988877220e-03
-8.0260323142198378e-05
 3.1176797551014273e-05
 2.6021243779059710e-05
-1.0899057093801318e-01
-8.8407677026854023e-02
-1.0823859223257599e-01
-8.7648067326578691e-02
-2.1883031864416158e-01
-1.7725976923330697e-01
-2.1730851903317239e-01
-1.7572879865196547e-01
-1.3784170076229568e-03
 2.9275799432256426e-05
-5.8032633156116813e-05
 1.5456053787104821e-05
-1.5030808611534378e-03
-8.4210972101115961e-05
 2.9897479320198318e-05
 2.3463716088865148e-05
-8.8415907933178967e-02
-7.1348702150327931e-02
-8.7658012017298045e-02
-7.0595547324119878e-02
-1.7728191953345207e-01
-1.4292862413908825e-01
-1.7575437907575189e-01
-1.4141478039574165e-01
-1.5525832699827883e-03
 1.2865724894220662e-05
 0.0000000000000000e+00
 0.0000000000000000e+00
-1.7102445006115289e-03
-2.8796517787862354e-05
 1.1083474787984705e-05
 8.6253209510147711e-06
-1.0823146014103738e-01
-8.7634820038887271e-02
-1.0794354536748096e-01
-8.6618513573293546e-02
-2.1729409855145737e-01
-1.7570208100378840e-01
-2.1671049810207302e-01
-1.7365309438207913e-01
-1.2991097241709091e-03
 1.7200561615700717e-05
 0.0000000000000000e+00
 0.0000000000000000e+00
-1.4260196682873833e-03
-2.8883277410829091e-05
 1.5082678286266098e-05
 7.8349907912710604e-06
-8.7643396576510324e-02
-7.0575628070008251e-02
-8.6625288518294374e-02
-6.9023007340761763e-02
-1.7572490537503246e-01
-1.4137469654990287e-01
-1.7367275659442546e-01
-1.3825397411823595e-01
-1.1738588623119986e-03
 2.8667015843861032e-05
-5.2964017967316277e-05
 1.2854299811331122e-05
-1.2772703386061423e-03
-7.9029673644870062e-05
 2.8826406207427634e-05
 1.9506915426739992e-05
-7.1372735097827544e-02
-5.7760855130420959e-02
-7.0618005352656429e-02
-5.6984198420135856e-02
-1.4298034074640945e-01
-1.1564298513869697e-01
-1.4146328128114197e-01
-1.1408459213464330e-01
-9.9861928118238495e-04
 2.9822120035826907e-05
-4.4526556634997115e-05
 1.0254906850430314e-05
-1.0875178489872419e-03
-6.9090970078611587e-05
 2.9067346462091700e-05
 1.5570266966459957e-05
-5.7794957981806665e-02
-4.7311204961610821e-02
-5.7015112840718057e-02
-4.6501422522309821e-02
-1.1571329509467952e-01
-9.4688068425693842e-02
-1.1414848037031447e-01
-9.3064967694288389e-02
-1.0856315397533315e-03
 2.2673489076522920e-05
 0.0000000000000000e+00
 0.0000000000000000e+00
-1.1930805199411873e-03
-2.5758671132458082e-05
 2.0021532149173641e-05
 6.4915989688776950e-06
-7.0596846115244707e-02
-5.6957039804753529e-02
-6.9040245219575594e-02
-5.5009092607862742e-02
-1.4142070518483829e-01
-1.1403003641591164e-01
-1.3829217807367558e-01
-1.1012186097637201e-01
-8.9595863599494527e-04
 2.9500188963564060e-05
 0.0000000000000000e+00
 0.0000000000000000e+00
-9.9170109405281436e-04
-2.0991238245880248e-05
 2.6197966083604940e-05
 5.1583037816775648e-06
-5.6986826493632015e-02
-4.6466032114735142e-02
-5.5033850973161373e-02
-4.4271814072312517e-02
-1.1409166181393371e-01
-9.2993969620138103e-02
-1.1017347592423195e-01
-8.8596560811669764e-02
-6.0720057302704423e-04
-2.5458650594231940e-05
 4.6525337647485932e-04
-6.8869893251048589e-05
-8.1502900513366779e-04
 5.8462820608962487e-04
-3.1219365792520643e-05
-1.0041472223515328e-04
-4.0313612073119301e-02
-3.2678245521212200e-02
-4.5862831941192880e-02
-3.5764209112922885e-02
-8.0666961116627633e-02
-6.5376474096100798e-02
-9.1785104086563693e-02
-7.1554846441522255e-02
-3.3610242503215429e-04
-1.2790083665038259e-05
 2.8222413407421313e-04
-4.0573210715050476e-05
-4.6166883674386288e-04
 3.3271949118143774e-04
-1.8768340308294565e-05
-5.2090774663059473e-05
-3.2710702939439076e-02
-2.7499229796810496e-02
-3.5847280334288634e-02
-2.9470592018639157e-02
-6.5441841556100819e-02
-5.5009725514934410e-02
-7.1722053789370924e-02
-5.8955388067131805e-02
-6.4759818640317229e-04
-1.5347662962068276e-07
 2.5752838003404230e-04
-2.7418001982450459e-05
-8.5056934876840025e-04
 3.5540572764276949e-04
 7.2209357204327700e-06
-4.4722046060590370e-05
-4.5723661685601928e-02
-3.5747023089845641e-02
-4.7265049137492549e-02
-3.7240206396702356e-02
-9.1506612788801719e-02
-7.1520525642036065e-02
-9.4595919326537645e-02
-7.4510732617166189e-02
-3.6142352798308839e-04
-2.5651136132654461e-06
 1.7411255958918424e-04
-2.0877211160153670e-05
-4.9516982883831217e-04
 2.2765161398935184e-04
-2.0128537729645916e-06
-3.0084330333904323e-05
-3.5827228512652687e-02
-2.9480038364680841e-02
-3.7296186370524419e-02
-3.0777068603846172e-02
-7.1681987336793124e-02
-5.8974317184978899e-02
-7.4623713057663993e-02
-6.1570622318244630e-02
-1.4914655134445106e-04
-4.6316573121939369e-06
 1.7288504626272898e-04
-2.4076878751627211e-05
-2.3810945157025232e-04
 1.9691492007059021e-04
-8.2237041838049618e-06
-2.8686812806163442e-05
-2.7494776371911753e-02
-2.4448578087668552e-02
-2.9500612142803553e-02
-2.5957882037833210e-02
-5.5000991051184771e-02
-4.8904629690110515e-02
-5.9015785561462433e-02
-5.1925041284155316e-02
 0.0000000000000000e+00
 0.0000000000000000e+00
 1.0863595887986430e-04
-1.3855857620639317e-05
-7.2737389234140421e-05
 1.2204065873097919e-04
-2.0469378937934585e-06
-1.5603144832372139e-05
-2.4434133557886605e-02
-2.3643075676588070e-02
-2.5962462467460274e-02
-2.4965619540578202e-02
-4.8875797039525118e-02
-4.7292803467969192e-02
-5.1934312569450039e-02
-4.9939379972675092e-02
-1.5902978765499709e-04
-1.2537680196637449e-06
 1.1376641542697855e-04
-1.4308004443022159e-05
-2.5521611640571569e-04
 1.4385904287610794e-04
-1.9902573235523283e-06
-1.9113171529717921e-05
-2.9508624115355798e-02
-2.5969832096044566e-02
-3.0806911768986443e-02
-2.7147103107442928e-02
-5.9031844389849125e-02
-5.1948963614860656e-02
-6.1630699920924598e-02
-5.4305090492883221e-02
 0.0000000000000000e+00
 0.0000000000000000e+00
 7.3661947432494842e-05
-9.1896669474553454e-06
-7.7128711097889337e-05
 9.1683639193698889e-05
-5.5613838114601573e-07
-1.1580136890249976e-05
-2.5974272947376673e-02
-2.4975731515947008e-02
-2.7157983638378839e-02
-2.6047154400856233e-02
-5.1957956219286172e-02
-4.9959620499714717e-02
-5.4326983076309454e-02
-5.2103801285535621e-02
-6.2605233283800519e-04
 1.1151599891492869e-05
 1.0958598200616650e-04
-9.3254217725212119e-06
-8.0187340803370734e-04
 1.7930224000286705e-04
 1.9045013778666432e-05
-1.7109383779116114e-05
-4.7176395209572439e-02
-3.7215875294308996e-02
-4.6446261372716749e-02
-3.7357875542736889e-02
-9.4418270292836684e-02
-7.4462051488637743e-02
-9.2955065150200383e-02
-7.4746658978970246e-02
-3.5804582581366293e-04
 3.9496782182166541e-06
 7.8903680851121819e-05
-8.2282004808392677e-06
-4.8493594893105822e-04
 1.2510758047418975e-04
 6.9510951183196411e-06
-1.4044345889703774e-05
-3.7270496562852397e-02
-3.0776986639507412e-02
-3.7390053334327995e-02
-3.1309468869580456e-02
-7.4572293237905124e-02
-6.1570475949820951e-02
-7.4811781153635140e-02
-6.2636487400502996e-02
-5.7848418241846227e-04
 1.5845016809486618e-05
 0.0000000000000000e+00
 0.0000000000000000e+00
-7.2997963802351245e-04
 5.2473445383686980e-05
 2.2115599853712950e-05
-4.3184099701398642e-06
-4.6410504640181011e-02
-3.7341907657424588e-02
-4.4297582168656459e-02
-3.6413542237731709e-02
-9.2883347498866967e-02
-7.4714676958316628e-02
-8.8649198690310169e-02
-7.2855750962305899e-02
-3.3719882896582462e-04
 7.7853090245332483e-06
 0.0000000000000000e+00
 0.0000000000000000e+00
-4.5238731006939329e-04
 3.8167773476513303e-05
 1.1448059030754834e-05
-3.8729609931156499e-06
-3.7374274086143494e-02
-3.1306387600120701e-02
-3.6435367498354146e-02
-3.1089206635690828e-02
-7.4780171296317199e-02
-6.2630324086647482e-02
-7.2899936089894077e-02
-6.2195641067641041e-02
-1.5861413409354471e-04
 1.3261177410368048e-06
 5.3934662664852078e-05
-6.2268202903422207e-06
-2.5388358494654839e-04
 8.3548084716881859e-05
 2.4272234829153056e-06
-1.0097194145562382e-05
-3.0805738533880477e-02
-2.7153471436215292e-02
-3.1331151292105258e-02
-2.7854702024896098e-02
-6.1628365796774748e-02
-5.4317844457204639e-02
-6.2680184279572421e-02
-5.5721337667614758e-02
 0.0000000000000000e+00
 0.0000000000000000e+00
 3.5785934874707213e-05
-4.3532301767982484e-06
-7.6853297737390777e-05
 5.4722622024144502e-05
 6.3737721464534917e-07
-6.7482530878255005e-06
-2.7163938907518947e-02
-2.6053434464233232e-02
-2.7865133864373948e-02
-2.6751355410317038e-02
-5.4338910016713621e-02
-5.2116375117117753e-02
-5.5742323040317038e-02
-5.3513152386334112e-02
-1.5073340114291165e-04
 3.1055380627390099e-06
 0.0000000000000000e+00
 0.0000000000000000e+00
-2.4023867746854018e-04
 2.6334144450483729e-05
 5.2497170972811857e-06
-2.9815732422453330e-06
-3.1327881469876445e-02
-2.7856943726776905e-02
-3.1105035699953341e-02
-2.8015389315815129e-02
-6.2673641238485539e-02
-5.5725829283471376e-02
-6.2227546582090697e-02
-5.6042982271938491e-02
 0.0000000000000000e+00
 0.0000000000000000e+00
 0.0000000000000000e+00
 0.0000000000000000e+00
-7.3085062851445344e-05
 1.7577979001925136e-05
 1.4829879362830245e-06
-2.1228108859056169e-06
-2.7867210981724403e-02
-2.6754297462085685e-02
-2.8023674655561857e-02
-2.7010748337405049e-02
-5.5746484681558690e-02
-5.3519044278414689e-02
-5.6059648686453301e-02
-5.4032304981561564e-02
 6.5700139093631560e-01
 6.4510309572205182e-01
 6.4397898863181802e-01
 6.0997845075348722e-01
 6.0779341836982015e-01
 5.5632742120056378e-01
 5.5316679621383469e-01
 4.9066364367169074e-01
 9.9629749524789779e-01
 8.5117416603457541e-01
 8.5164081564289529e-01
 7.4656168663937550e-01
 7.4659307358291060e-01
 6.7837761771400418e-01
 6.7775886257396778e-01
 6.5087482870308722e-01
 4.5214250194041003e-02
 4.7083221740301766e-02
 4.7208609489703401e-02
 5.2979421261187640e-02
 5.3264342528123121e-02
 6.3430217885350665e-02
 6.3963095096408878e-02
 7.9296407020787496e-02
 3.9771675889810412e-02
 4.0411401311573149e-02
 4.0429584934820142e-02
 4.2208914513025469e-02
 4.2238941759792266e-02
 4.4788134727271819e-02
 4.4820933342617400e-02
 4.7660622627127149e-02
 4.5710928473546728e-02
 4.4397323717715521e-02
 4.4276755257589617e-02
 4.2131616338224757e-02
 4.2074726993311280e-02
 4.0408894851462207e-02
 4.0386402569717442e-02
 3.9776754940179189e-02
 9.9586938623668964e-01
 8.1658440778895025e-01
 8.1766974950948823e-01
 6.7781708990410605e-01
 6.7847962969667830e-01
 5.6586919880000208e-01
 5.6630622697187394e-01
 4.7316405409538020e-01
 4.8680561892635127e-01
 4.1920286820699626e-01
 4.1559234536972284e-01
 3.4808432542457574e-01
 3.4503199904359910e-01
 2.8183914516227776e-01
 2.7930461157153524e-01
 2.2326875866921728e-01
 4.7345330158303789e-01
 3.9457357137863430e-01
 3.9475445462150183e-01
 3.2674357913164370e-01
 3.2683649901325251e-01
 2.6775321393370560e-01
 2.6778718086352538e-01
 2.1678369168856443e-01
 2.2117883038698069e-01
 1.7384606745054190e-01
 1.7212785054518462e-01
 1.3394719809958977e-01
 1.3253167863618684e-01
 1.0308526577299869e-01
 1.0191218831445915e-01
 8.0182768289029177e-02
 2.1679526109907263e-01
 1.7362332034845210e-01
 1.7364239867789941e-01
 1.3814014248964482e-01
 1.3817808997146566e-01
 1.0995479286151691e-01
 1.1000632367746985e-01
 8.8405170274259856e-02
 4.7689053258976995e-02
 5.0360648284838397e-02
 5.0380254491086018e-02
 5.2517588046442507e-02
 5.2529342039259012e-02
 5.3895678247392623e-02
 5.3900963648735339e-02
 5.4369391382726395e-02
 8.8457874578400764e-02
 7.2695959342067684e-02
 7.2741704031094298e-02
 6.2074612629442111e-02
 6.2106845534012488e-02
 5.5950100340404416e-02
 5.5966584121505160e-02
 5.3955415875012271e-02
