-1.4448831978872947e-01
 3.1443335654789586e-15
-1.0460110883757533e-01
 3.3911743914206411e-16
 0.0000000000000000e+00
 0.0000000000000000e+00
 0.0000000000000000e+00
 0.0000000000000000e+00
-1.2353908093555113e-01
 1.3461037584359698e-17
-1.5688242875076584e-15
 3.7399287368501493e-18
-4.5921011216740787e-01
-3.3853410685559193e-01
-4.5921011216743735e-01
-3.3853410685556345e-01
-9.8961327467791182e-01
-7.0235475301918926e-01
-9.8961327467798788e-01
-7.0235475301911998e-01
-7.5144476025068185e-02
 1.6244059549024665e-15
 0.0000000000000000e+00
 0.0000000000000000e+00
 0.0000000000000000e+00
 0.0000000000000000e+00
-8.9125505381089321e-02
-1.5944726792854182e-17
-1.2951179523507767e-15
-7.2277374084532280e-18
-3.3940355113920800e-01
-2.4972910511083315e-01
-3.3940355113921072e-01
-2.4972910511073934e-01
-7.0581854023037160e-01
-5.0936301800339756e-01
-7.0581854023037516e-01
-5.0936301800319650e-01
-5.3460933448295556e-02
 1.6639867607895768e-15
 0.0000000000000000e+00
 0.0000000000000000e+00
 0.0000000000000000e+00
 0.0000000000000000e+00
-6.3745506771512181e-02
-7.1723230131560501e-18
 8.9963054932198932e-16
 1.3835962700862970e-17
-2.5026730367792560e-01
-1.8340354785758720e-01
-2.5026730367784927e-01
-1.8340354785751006e-01
-5.1101640966592465e-01
-3.7066945414003349e-01
-5.1101640966576067e-01
-3.7066945413987457e-01
-3.7573755740502916e-02
 1.7378327871540610e-15
 0.0000000000000000e+00
 0.0000000000000000e+00
 0.0000000000000000e+00
 0.0000000000000000e+00
-4.5102519028330151e-02
 3.4140257268783718e-17
 1.3883394799730735e-15
 1.1434063221631367e-17
-1.8376131104224680e-01
-1.3398224311369747e-01
-1.8376131104219934e-01
-1.3398224311367010e-01
-3.7159823939028414e-01
-2.6945437349242818e-01
-3.7159823939018605e-01
-2.6945437349237189e-01
-2.5989809098054990e-02
-1.8796393154470254e-15
 0.0000000000000000e+00
 0.0000000000000000e+00
 0.0000000000000000e+00
 0.0000000000000000e+00
-3.1475272309895372e-02
 6.0986844181390615e-17
 2.4670099820946774e-16
-2.9558660023588295e-18
-1.3423007298758688e-01
-9.7448859861434922e-02
-1.3423007298757011e-01
-9.7448859861434686e-02
-2.7003268912232781e-01
-1.9546685998580265e-01
-2.7003268912229406e-01
-1.9546685998580235e-01
-1.7564268979104857e-02
-9.6080202440941552e-16
 0.0000000000000000e+00
 0.0000000000000000e+00
 0.0000000000000000e+00
 0.0000000000000000e+00
-2.1554223829258704e-02
 2.9959817525642115e-17
-9.5300558524252886e-16
-6.8210421231101780e-18
-9.7624313748817582e-02
-7.0886488630208758e-02
-9.7624313748811933e-02
-7.0886488630200278e-02
-1.9585035663143760e-01
-1.4199137062306474e-01
-1.9585035663142575e-01
-1.4199137062304759e-01
-1.1404817265662951e-02
-1.3402729606334883e-15
 0.0000000000000000e+00
 0.0000000000000000e+00
 0.0000000000000000e+00
 0.0000000000000000e+00
-1.4327604305962105e-02
 1.6123294418712430e-17
-5.4847036409262147e-16
-1.9267941118810848e-18
-7.1010846119694229e-02
-5.2178188149112431e-02
-7.1010846119686555e-02
-5.2178188149115672e-02
-1.4225288910744377e-01
-1.0444383507560963e-01
-1.4225288910742878e-01
-1.0444383507561573e-01
-6.8007278437170497e-03
-4.8322154190697126e-16
 0.0000000000000000e+00
 0.0000000000000000e+00
 0.0000000000000000e+00
 0.0000000000000000e+00
-8.9990576509961697e-03
 2.2415276781962491e-19
-4.9687574991916520e-16
-2.5856023779227436e-18
-5.2263788441128702e-02
-3.9817999997821436e-02
-5.2263788441130873e-02
-3.9817999997829520e-02
-1.0461996654346119e-01
-7.9675464333452975e-02
-1.0461996654346557e-01
-7.9675464333468851e-02
-3.1673758565928609e-03
-3.8859417047633473e-16
 0.0000000000000000e+00
 0.0000000000000000e+00
 0.0000000000000000e+00
 0.0000000000000000e+00
-4.9250782212848128e-03
-1.1992683971427041e-17
-5.3169706072361785e-16
-4.8512664607656977e-18
-3.9871937603484162e-02
-3.2795102139012440e-02
-3.9871937603490240e-02
-3.2795102139006757e-02
-7.9785162028355228e-02
-6.5612797637915193e-02
-7.9785162028367315e-02
-6.5612797637903328e-02
 0.0000000000000000e+00
 0.0000000000000000e+00
 0.0000000000000000e+00
 0.0000000000000000e+00
 0.0000000000000000e+00
 0.0000000000000000e+00
-1.5645634378371432e-03
-2.1521111317060924e-17
-1.5576741042739018e-17
-6.3154766727997098e-20
-3.2821227993471550e-02
-3.0526289138364207e-02
-3.2821227993462473e-02
-3.0526289138356501e-02
-6.5665637569534585e-02
-6.1071161774040997e-02
-6.5665637569516655e-02
-6.1071161774024989e-02
 9.8961327467791815e-01
 7.0235475301918415e-01
 9.8961327467798188e-01
 7.0235475301912553e-01
 7.0581854023037172e-01
 5.0936301800338102e-01
 7.0581854023037516e-01
 5.0936301800321326e-01
 5.1101640966591089e-01
 3.7066945414002056e-01
 5.1101640966577466e-01
 3.7066945413988783e-01
 3.7159823939027586e-01
 2.6945437349242368e-01
 3.7159823939019421e-01
 2.6945437349237666e-01
 2.7003268912232486e-01
 1.9546685998580271e-01
 2.7003268912229705e-01
 1.9546685998580235e-01
 1.9585035663143649e-01
 1.4199137062306336e-01
 1.9585035663142675e-01
 1.4199137062304903e-01
 1.4225288910744244e-01
 1.0444383507561017e-01
 1.4225288910743003e-01
 1.0444383507561528e-01
 1.0461996654346156e-01
 7.9675464333454307e-02
 1.0461996654346525e-01
 7.9675464333467561e-02
 7.9785162028356241e-02
 6.5612797637914236e-02
 7.9785162028366316e-02
 6.5612797637904313e-02
 6.1839941514169737e-02
 6.1839941514161743e-02
 6.5665637569533045e-02
 6.1071161774039685e-02
 6.5665637569518168e-02
 6.1071161774026342e-02
